50
678
714
1261
1433
1685
1778
1837
2375
2602
2903
3500
3750
4154
4260
4333
4466
4869
5921
6496
6791
6852
6961
7413
8171
8606
8791
9539
9612
10240
10824
11111
12339
14736
15381
15476
15493
15859
16495
17455
19697
20669
20697
20808
20883
21511
21547
22094
22266
22518
22611
22670
23208
23435
23736
24333
24583
24987
25093
25166
25299
25702
26754
27329
27624
27685
27794
28246
29004
29439
29624
30372
30445
31073
31657
31944
33172
35569
36214
36309
36326
36692
37328
38288
40530
40848
41476
41512
42059
42231
42483
42576
42635
43173
43400
43701
44298
44548
44952
45058
45131
45264
45667
46719
47294
47589
47650
47759
48211
48969
49404
49589
50337
50410
51038
51622
51909
53137
55534
56179
56274
56291
56657
57293
58253
59981
60609
60645
61192
61364
61616
61709
61768
62306
62533
62834
63431
63681
64085
64191
64264
64397
64800
65852
66427
66722
66783
66892
67344
68102
68537
68722
69470
69543
70171
70755
71042
72270
74667
75312
75407
75424
75790
76426
77386
78317
78945
78981
79528
79700
79952
80045
80104
80642
80869
81170
81767
82017
82421
82527
82600
82733
83136
84188
84763
85058
85119
85228
85680
86438
86873
87058
87806
87879
88507
89091
89378
90606
93003
93648
93743
93760
94126
94762
95722
95889
96517
96553
97100
97272
97524
97617
97676
98214
98441
98742
99339
99589
99993
100099
100172
100305
100708
101760
102335
102630
102691
102800
103252
104010
104445
104630
105378
105451
106079
106663
106950
108178
110575
111220
111315
111332
111698
112334
112729
113357
113393
113940
114112
114364
114457
114516
115054
115281
115582
116179
116429
116833
116939
117012
117145
117548
118600
119175
119470
119531
119640
120092
120850
121285
121470
122218
122291
122919
123503
123790
125018
127415
128060
128155
128172
128538
128867
129495
129531
130078
130250
130502
130595
130654
131192
131419
131720
132317
132567
132971
133077
133150
133283
133686
134738
135313
135608
135669
135778
136230
136988
137423
137608
138356
138429
139057
139641
139928
141156
143553
144198
144332
144960
144996
145543
145715
145967
146060
146119
146657
146884
147185
147782
148032
148436
148542
148615
148748
149151
150203
150778
151073
151134
151243
151695
152453
152888
153073
153821
153894
154522
155106
155393
156621
159018
159153
159781
159817
160364
160536
160788
160881
160940
161478
161705
162006
162603
162853
163257
163363
163436
163569
163972
165024
165599
165894
165955
166064
166516
167274
167709
167894
168642
168715
169343
169927
170214
171442
173357
173985
174021
174568
174740
174992
175085
175144
175682
175909
176210
176807
177057
177461
177567
177640
177773
178176
179228
179803
180098
180159
180268
180720
181478
181913
182098
182846
182919
183547
184131
184418
185646
186969
187597
187633
188180
188352
188604
188697
188756
189294
189521
189822
190419
190669
191073
191179
191252
191385
191788
192840
193415
193710
193771
193880
194332
195090
195525
195710
196458
196531
197159
197743
198030
199258
201655
202300
202395
202412
202778
203414
204374
206616
207588
207616
207727
209823
210068
210686
210847
210879
211603
213589
214234
214329
214346
214712
215348
216308
218550
219522
219550
219661
221757
222002
222620
222781
222813
223537
224977
225622
225717
225734
226100
226736
227696
229938
230910
230938
231049
233145
233390
234008
234169
234201
234925
236486
236581
236598
236964
237600
238560
240802
241774
241802
241913
244009
244254
244872
245033
245065
245789
246940
246957
247323
247959
248919
251161
252133
252161
252272
254368
254613
255231
255392
255424
256148
257830
258790
261032
262004
262032
262143
264239
264484
265102
265263
265295
266019
268193
270435
271407
271435
271546
273642
273887
274505
274666
274698
275422
279387
280359
280387
280498
282594
282839
283457
283618
283650
284374
286541
287903
288875
288903
289014
291110
291355
291973
292134
292166
292890
295057
296000
296972
297000
297111
299207
299452
300070
300231
300263
300987
303154
304663
304691
304802
306898
307143
307761
307922
307954
308678
310845
311766
314198
314443
315061
315222
315254
315978
318145
319066
321260
322181
323665
324823
325428
325978
326812
327063
328715
329636
331120
332278
332883
333433
334267
334518
335811
336732
338216
339374
339979
340529
341363
342561
343482
344966
346124
346729
347279
348113
348978
349899
351383
352541
353146
353696
355071
355992
357476
358634
359239
359789
360854
361775
363259
364417
365022
365572
367258
368742
369900
370505
371055
371889
372449
373933
375091
375696
376246
377080
377360
378844
380002
380607
381157
381991
382242
383481
384639
385244
385794
386628
386879
387854
389012
389617
390167
391001
391252
392052
392303
393353
394495
395763
396525
396776
397826
398968
400236
400838
401089
402139
403281
404549
405138
406188
407330
408598
409095
410145
411287
412555
412751
413801
414943
416211
416383
417433
418575
420724
421866
424055
425197
427004
428146
430060
431202
432690
433832
435100
435294
437326
437990
440022
440506
442538
442945
444977
445313
447345
449558
451712
453787
455632
457467
459130
460736
461647
461854
463198
463405
464744
464951
466226
466433
467605
467812
468942
469149
470228
470435
471418
471625
472602
472809
473712
473919
474782
474989
475734
475941
476978
477177
477226
477940
478139
478188
478867
479066
479115
479742
479941
479990
480585
480784
480833
481389
481588
481637
482174
482373
482422
482900
483099
483148
483610
483809
483858
484247
484446
484495
484855
485054
485103
485488
485687
485736
486412
486557
486978
487123
487533
488065
488576
489044
489515
489949
490359
490755
491119
491470
491653
491910
492002
492259
492334
492654
492953
493244
493523
493783
494040
494274
494984
495095
495189
495300
495387
495498
495580
495691
495762
495873
495936
496047
496104
496215
496259
496370
496411
496522
496549
496660
496793
496917
